year,team_id,team_name,wins,losses,ties,total_games
2004,929,Adams St.,7,9,3,19
2004,3,Adelphi,18,2,1,21
2004,4,Adrian,1,18,1,20
2004,721,Air Force,7,11,1,19
2004,5,Akron,8,9,1,18
2004,10,Ala.-Huntsville,10,6,1,17
2004,8,Alabama,9,8,2,19
2004,6,Alabama A&M,9,12,1,22
2004,14,Albany (NY),1,18,1,20
2004,15,Albion,10,7,2,19
2004,16,Albright,6,10,3,19
2004,17,Alcorn,0,11,0,11
2004,18,Alfred,2,8,1,11
2004,19,Allegheny,15,2,2,19
2004,938,Alvernia,8,10,2,20
2004,23,American,10,8,1,19
2004,22,American Int'l,2,13,0,15
2004,24,Amherst,12,4,4,20
2004,939,Anderson (IN),9,10,1,20
2004,13028,Anderson (SC),0,1,0,1
2004,25,Angelo St.,10,8,2,20
2004,26,Anna Maria,2,17,0,19
2004,27,Appalachian St.,12,5,3,20
2004,966,Arcadia,8,9,2,19
2004,29,Arizona,6,11,2,19
2004,28,Arizona St.,13,5,3,21
2004,2678,Ark.-Pine Bluff,2,9,0,11
2004,31,Arkansas,7,10,2,19
2004,30,Arkansas St.,7,12,0,19
2004,725,Army West Point,9,10,0,19
2004,35,Ashland,16,2,1,19
2004,36,Assumption,11,6,1,18
2004,37,Auburn,14,4,3,21
2004,38,Augsburg,11,5,2,18
2004,40,Augustana (IL),11,7,3,21
2004,41,Augustana (SD),7,11,1,19
2004,42,Aurora,14,7,1,22
2004,953,Austin,10,7,2,19
2004,43,Austin Peay,5,13,1,19
2004,44,Averett,4,15,0,19
2004,45,Babson,7,11,2,20
2004,46,Baldwin Wallace,7,10,2,19
2004,47,Ball St.,11,7,2,20
2004,962,Bard,6,8,0,14
2004,49,Barry,16,5,3,24
2004,15646,Barton,8,9,1,18
2004,50,Bates,12,3,2,17
2004,51,Baylor,7,9,2,18
2004,26107,Becker,6,9,1,16
2004,52,Bellarmine,10,5,5,20
2004,14927,Belmont,1,16,1,18
2004,2683,Belmont Abbey,15,7,0,22
2004,53,Beloit,5,10,0,15
2004,54,Bemidji St.,4,12,1,17
2004,296,Benedictine (IL),12,7,2,21
2004,56,Bentley,10,6,2,18
2004,59,Bethany (WV),3,15,1,19
2004,60,Bethel (MN),1,17,0,18
2004,62,Binghamton,9,8,2,19
2004,28593,Birmingham-So.,7,12,2,21
2004,64,Blackburn,8,9,2,19
2004,65,Bloomsburg,5,13,0,18
2004,987,Bluffton,1,14,0,15
2004,66,Boise St.,8,12,1,21
2004,67,Boston College,15,3,3,21
2004,68,Boston U.,12,6,5,23
2004,71,Bowling Green,8,12,3,23
2004,73,Brandeis,15,2,3,20
2004,74,Bridgeport,13,7,0,20
2004,75,Bridgewater (VA),0,1,0,1
2004,76,Bridgewater St.,9,6,3,18
2004,78,Brockport,12,6,1,19
2004,80,Brown,10,4,2,16
2004,81,Bryant,14,5,2,21
2004,82,Bryn Mawr,3,12,1,16
2004,83,Bucknell,7,6,3,16
2004,84,Buena Vista,2,14,2,18
2004,86,Buffalo,11,8,1,20
2004,85,Buffalo St.,8,10,1,19
2004,87,Butler,8,9,2,19
2004,77,BYU,16,7,3,26
2004,88,Cabrini,12,7,4,23
2004,1305,Cairn,5,15,0,20
2004,105,Cal Lutheran,9,7,3,19
2004,90,Cal Poly,18,2,2,22
2004,91,Cal Poly Pomona,10,8,1,19
2004,97,Cal St. Fullerton,9,8,2,19
2004,93,Cal St. San B'dino,11,8,2,21
2004,103,Cal St. Stanislaus,10,8,2,20
2004,107,California,7,8,4,19
2004,106,California (PA),9,8,2,19
2004,114,Calvin,12,5,2,19
2004,115,Campbell,11,7,1,19
2004,116,Canisius,1,14,1,16
2004,117,Capital,9,6,4,19
2004,118,Carleton,9,7,1,17
2004,119,Carnegie Mellon,12,2,4,18
2004,120,Carroll (WI),12,4,1,17
2004,1000,Carson-Newman,15,4,2,21
2004,121,Carthage,11,7,1,19
2004,122,Case,9,7,2,18
2004,123,Castleton,15,5,1,21
2004,1001,Catawba,16,4,1,21
2004,124,Catholic,14,5,1,20
2004,23624,Cazenovia,6,10,1,17
2004,14795,Cedar Crest,5,10,2,17
2004,125,Centenary (LA),10,7,3,20
2004,12884,Centenary (NJ),12,8,0,20
2004,126,Central (IA),7,9,0,16
2004,1004,Central Ark.,10,7,1,18
2004,127,Central Conn. St.,16,3,3,22
2004,129,Central Mich.,9,8,3,20
2004,130,Central Mo.,7,11,1,19
2004,1009,Central Okla.,15,5,2,22
2004,1010,Central Wash.,5,16,0,21
2004,132,Centre,8,6,1,15
2004,134,Chapman,15,5,0,20
2004,1013,Charleston (WV),4,13,0,17
2004,48,Charleston So.,4,13,2,19
2004,458,Charlotte,7,11,2,20
2004,10972,Chatham,1,13,0,14
2004,693,Chattanooga,10,6,3,19
2004,21323,Chestnut Hill,16,1,1,18
2004,137,Chicago,17,2,4,23
2004,8875,Chowan,8,10,0,18
2004,139,Chris. Newport,15,5,1,21
2004,1015,Christian Bros.,17,1,2,20
2004,140,Cincinnati,5,13,1,19
2004,141,Citadel,2,14,1,17
2004,142,Claremont-M-S,9,6,4,19
2004,143,Clarion,4,14,0,18
2004,145,Clark (MA),7,10,0,17
2004,1020,Clarke,9,11,2,22
2004,146,Clarkson,4,11,2,17
2004,20576,Clayton St.,4,14,1,19
2004,147,Clemson,11,7,2,20
2004,722,Coast Guard,7,9,1,17
2004,149,Coastal Caro.,10,9,2,21
2004,150,Coe,9,10,0,19
2004,1023,Coker,8,10,1,19
2004,1014,Col. of Charleston,11,7,2,20
2004,151,Colby,8,5,1,14
2004,152,Colby-Sawyer,6,11,1,18
2004,153,Colgate,11,8,1,20
2004,11403,Colo. Christian,1,17,1,19
2004,157,Colorado,15,4,1,20
2004,154,Colorado Col.,7,9,2,18
2004,11416,Colorado Mesa,12,6,4,22
2004,2720,Colorado St.-Pueblo,6,12,2,20
2004,158,Columbia,6,8,3,17
2004,159,Columbus St.,0,1,0,1
2004,1028,Concord,7,10,0,17
2004,162,Concordia (NY),1,13,0,14
2004,160,Concordia Chicago,10,9,1,20
2004,1036,Concordia Wisconsin,12,10,0,22
2004,161,Concordia-M'head,11,7,1,19
2004,9081,Concordia-St. Paul,6,14,0,20
2004,163,Connecticut Col.,6,8,0,14
2004,167,Cornell,7,7,2,16
2004,166,Cornell College,8,10,0,18
2004,169,Creighton,11,6,4,21
2004,94,CSU Bakersfield,5,12,2,19
2004,101,CSUN,4,12,3,19
2004,170,Curry,10,9,0,19
2004,1059,D'Youville,0,14,0,14
2004,172,Dartmouth,9,6,2,17
2004,173,Davidson,6,12,2,20
2004,174,Davis & Elkins,8,11,0,19
2004,175,Dayton,14,6,2,22
2004,1050,Defiance,8,8,1,17
2004,180,Delaware,10,6,3,19
2004,178,Delaware St.,0,10,0,10
2004,179,Delaware Valley,6,8,2,16
2004,181,Delta St.,0,1,0,1
2004,182,Denison,12,7,1,20
2004,183,Denver,18,4,0,22
2004,176,DePaul,14,7,2,23
2004,177,DePauw,15,5,1,21
2004,20,DeSales,3,14,2,19
2004,184,Detroit,9,10,1,20
2004,185,Dickinson,9,6,2,17
2004,1332,Dominican (IL),8,11,0,19
2004,8956,Dominican (NY),6,13,1,20
2004,189,Drake,13,7,0,20
2004,190,Drew,12,5,3,20
2004,191,Drexel,3,15,0,18
2004,1057,Drury,6,13,0,19
2004,192,Dubuque,8,10,0,18
2004,193,Duke,14,7,1,22
2004,194,Duquesne,8,10,2,20
2004,195,Earlham,6,11,1,18
2004,196,East Carolina,7,7,5,19
2004,8965,East Central,6,11,1,18
2004,197,East Stroudsburg,6,9,3,18
2004,198,East Tenn. St.,12,6,0,18
2004,1062,East Tex. Baptist,11,8,0,19
2004,203,East. Mennonite,10,7,1,18
2004,8968,Eastern,14,4,2,20
2004,200,Eastern Conn. St.,10,7,2,19
2004,201,Eastern Ill.,11,6,5,22
2004,204,Eastern Mich.,9,9,3,21
2004,206,Eastern N.M.,3,12,0,15
2004,1064,Eastern Nazarene,5,11,2,18
2004,207,Eastern Wash.,3,12,2,17
2004,208,Eckerd,3,13,3,19
2004,1066,Edgewood,11,9,1,21
2004,209,Edinboro,12,7,1,20
2004,211,Elizabethtown,10,6,2,18
2004,212,Elmhurst,12,6,3,21
2004,213,Elmira,12,4,4,20
2004,1068,Elon,4,14,0,18
2004,215,Emmanuel (MA),12,7,2,21
2004,217,Emory,14,5,0,19
2004,216,Emory & Henry,0,1,0,1
2004,1071,Emporia St.,5,10,4,19
2004,8981,Endicott,18,3,2,23
2004,1072,Erskine,6,8,5,19
2004,219,Evansville,3,13,2,18
2004,220,Fairfield,9,9,1,19
2004,222,Fairleigh Dickinson,10,8,1,19
2004,27892,Farmingdale St.,5,9,1,15
2004,221,FDU-Florham,10,6,2,18
2004,224,Ferris St.,11,5,1,17
2004,225,Ferrum,2,13,2,17
2004,1079,Findlay,9,7,1,17
2004,226,Fisk,0,1,0,1
2004,227,Fitchburg St.,4,10,1,15
2004,231,FIU,2,13,2,17
2004,229,Fla. Atlantic,16,4,1,21
2004,233,Fla. Southern,9,10,0,19
2004,235,Florida,19,4,2,25
2004,234,Florida St.,17,8,1,26
2004,230,Florida Tech,7,12,0,19
2004,11538,Fontbonne,12,6,0,18
2004,236,Fordham,11,7,2,20
2004,1083,Fort Lewis,6,10,3,19
2004,238,Framingham St.,8,6,1,15
2004,1085,Francis Marion,11,7,1,19
2004,239,Frank. & Marsh.,7,7,3,17
2004,2694,Franklin,3,14,1,18
2004,241,Franklin Pierce,22,3,0,25
2004,242,Fredonia,11,7,1,19
2004,96,Fresno St.,7,9,2,18
2004,243,Frostburg St.,16,5,0,21
2004,244,Furman,15,5,2,22
2004,253,Ga. Southern,5,14,1,20
2004,245,Gallaudet,2,16,0,18
2004,246,Gannon,2,16,0,18
2004,1092,Gardner-Webb,8,9,1,18
2004,1094,George Fox,3,15,1,19
2004,248,George Mason,9,6,6,21
2004,249,George Washington,11,6,2,19
2004,251,Georgetown,7,11,1,19
2004,506003,Georgetown (KY),0,1,0,1
2004,257,Georgia,13,10,0,23
2004,1096,Georgia College,1,0,0,1
2004,254,Georgia St.,16,6,0,22
2004,258,Gettysburg,12,5,2,19
2004,8366,Goldey-Beacom,8,7,1,16
2004,260,Gonzaga,11,8,0,19
2004,1099,Gordon,10,7,2,19
2004,1467,Goucher,8,7,4,19
2004,261,Grambling,8,12,1,21
2004,262,Grand Valley St.,17,2,2,21
2004,794,Green Bay,9,9,1,19
2004,263,Greensboro,13,3,4,20
2004,1111,Greenville,6,11,2,19
2004,264,Grinnell,11,6,1,18
2004,265,Grove City,16,5,1,22
2004,1112,Guilford,11,9,0,20
2004,266,Gust. Adolphus,9,8,1,18
2004,12399,Gwynedd Mercy,13,4,5,22
2004,267,Hamilton,9,3,3,15
2004,268,Hamline,3,14,1,18
2004,1115,Hanover,10,6,2,18
2004,271,Hardin-Simmons,16,4,0,20
2004,1116,Harding,10,7,1,18
2004,272,Hartford,7,10,3,20
2004,273,Hartwick,6,10,3,19
2004,275,Harvard,6,5,5,16
2004,276,Haverford,8,11,0,19
2004,277,Hawaii,13,5,2,20
2004,278,Heidelberg,1,17,0,18
2004,1124,Hendrix,6,9,0,15
2004,19651,High Point,10,10,1,21
2004,8398,Hilbert,12,9,0,21
2004,281,Hiram,3,16,0,19
2004,282,Hobart,15,5,2,22
2004,283,Hofstra,13,3,3,19
2004,284,Hollins,1,16,0,17
2004,285,Holy Cross,1,14,1,16
2004,8404,Hood,5,12,0,17
2004,286,Hope,16,4,2,22
2004,288,Houston,3,13,2,18
2004,290,Howard,5,13,0,18
2004,291,Humboldt St.,12,5,3,20
2004,295,Idaho,3,12,4,19
2004,294,Idaho St.,10,9,2,21
2004,300,Ill. Wesleyan,12,3,4,19
2004,301,Illinois,16,4,2,22
2004,297,Illinois Col.,4,11,1,16
2004,299,Illinois St.,11,6,3,20
2004,303,Immaculata,3,15,1,19
2004,2743,Incarnate Word,10,6,2,18
2004,306,Indiana,8,10,1,19
2004,307,Indiana (PA),13,6,0,19
2004,305,Indiana St.,6,10,2,18
2004,310,Iona,3,13,2,18
2004,312,Iowa,4,12,2,18
2004,311,Iowa St.,5,10,4,19
2004,308,IPFW,9,7,3,19
2004,313,Ithaca,9,3,5,17
2004,2699,IUPUI,2,13,2,17
2004,314,Jackson St.,4,11,2,17
2004,316,Jacksonville,6,12,0,18
2004,315,Jacksonville St.,11,5,4,20
2004,317,James Madison,7,10,3,20
2004,320,John Carroll,7,8,4,19
2004,322,Johns Hopkins,13,6,2,21
2004,22626,Johnson & Wales (RI),9,7,3,19
2004,324,Johnson St.,8,9,1,18
2004,325,Juniata,7,10,2,19
2004,326,Kalamazoo,9,10,1,20
2004,328,Kansas,18,6,1,25
2004,327,Kansas St.,0,1,0,1
2004,329,Kean,7,10,3,20
2004,330,Keene St.,14,6,3,23
2004,1157,Kennesaw St.,25,1,0,26
2004,331,Kent St.,12,5,3,20
2004,334,Kentucky,6,9,4,19
2004,335,Kenyon,7,10,1,18
2004,336,King's (PA),2,17,0,19
2004,337,Knox,1,13,1,15
2004,339,Kutztown,14,4,3,21
2004,333,Ky. Wesleyan,2,12,0,14
2004,340,La Salle,3,13,1,17
2004,341,La Verne,3,13,2,18
2004,671,La.-Lafayette,6,13,1,20
2004,498,La.-Monroe,9,11,2,22
2004,342,Lafayette,4,10,4,18
2004,1162,LaGrange,9,9,1,19
2004,2746,Lake Erie,3,15,1,19
2004,344,Lake Forest,14,4,1,19
2004,1164,Lakeland,11,11,0,22
2004,1167,Lander,8,9,1,18
2004,8486,Lasell,12,7,1,20
2004,348,Lawrence,4,10,2,16
2004,349,Le Moyne,3,11,1,15
2004,351,Lebanon Valley,11,4,4,19
2004,352,Lehigh,9,9,1,19
2004,1170,Lenoir-Rhyne,10,9,0,19
2004,8490,LeTourneau,5,9,2,16
2004,355,Liberty,4,14,2,20
2004,1174,Limestone,4,13,0,17
2004,1176,Lincoln Memorial,7,11,0,18
2004,1179,Linfield,9,10,0,19
2004,28600,Lipscomb,3,15,1,19
2004,361,LIU Brooklyn,9,9,1,19
2004,362,LIU Post,13,7,2,22
2004,360,Lock Haven,10,12,1,23
2004,99,Long Beach St.,9,9,0,18
2004,363,Longwood,9,7,1,17
2004,364,Loras,20,2,1,23
2004,1182,Louisiana Col.,1,19,0,20
2004,367,Louisville,7,9,2,18
2004,502812,Loyola (LA),0,1,0,1
2004,371,Loyola Chicago,10,11,0,21
2004,369,Loyola Maryland,12,9,1,22
2004,370,Loyola Marymount,9,8,3,20
2004,365,LSU,10,9,1,20
2004,372,Luther,17,4,1,22
2004,373,Lycoming,7,8,1,16
2004,374,Lynchburg,14,6,2,22
2004,20794,Lynn,7,10,1,18
2004,376,Macalester,13,5,3,21
2004,377,MacMurray,0,17,2,19
2004,380,Maine,13,3,3,19
2004,378,Maine Maritime,8,7,1,16
2004,1192,Manchester,13,5,2,20
2004,381,Manhattan,5,13,0,18
2004,382,Manhattanville,7,12,1,20
2004,384,Mansfield,4,11,2,17
2004,1194,Maranatha Baptist,12,6,2,20
2004,1196,Marian (WI),1,16,0,17
2004,385,Marietta,12,7,1,20
2004,386,Marist,4,12,1,17
2004,387,Marquette,11,8,1,20
2004,1199,Mars Hill,6,14,0,20
2004,388,Marshall,2,15,1,18
2004,8597,Martin Luther,13,6,1,20
2004,389,Mary Baldwin,7,8,3,18
2004,1203,Mary Hardin-Baylor,2,14,1,17
2004,390,Mary Washington,12,6,5,23
2004,392,Maryland,11,8,2,21
2004,394,Marymount (VA),9,9,0,18
2004,395,Maryville (MO),7,13,0,20
2004,396,Maryville (TN),10,8,1,19
2004,397,Marywood,5,13,0,18
2004,400,Massachusetts,4,12,1,17
2004,773,McDaniel,13,7,0,20
2004,486,MCLA,4,11,0,15
2004,8530,McMurry,1,14,2,17
2004,402,McNeese St.,5,13,2,20
2004,379,Me.-Farmington,17,4,1,22
2004,23725,Medaille,4,11,2,17
2004,404,Memphis,5,10,3,18
2004,406,Mercer,5,11,3,19
2004,407,Mercy,2,14,1,17
2004,408,Mercyhurst,10,5,2,17
2004,410,Merrimack,19,3,1,23
2004,411,Messiah,16,2,3,21
2004,412,Methodist,12,6,1,19
2004,413,Metro St.,21,1,1,23
2004,415,Miami (FL),9,9,1,19
2004,414,Miami (OH),7,9,2,18
2004,418,Michigan,11,8,6,25
2004,416,Michigan St.,12,8,0,20
2004,419,Middle Tenn.,12,7,2,21
2004,420,Middlebury,10,4,1,15
2004,1222,Midwestern St.,12,6,2,20
2004,423,Millersville,14,6,1,21
2004,424,Millikin,4,8,4,16
2004,426,Millsaps,3,14,1,18
2004,797,Milwaukee,9,9,1,19
2004,427,Minn. Duluth,14,3,3,20
2004,383,Minn. St. Mankato,14,6,2,22
2004,1240,Minn. St. Moorhead,5,13,0,18
2004,27854,Minn.-Crookston,6,12,2,20
2004,1226,Minn.-Morris,15,3,1,19
2004,428,Minnesota,6,10,2,18
2004,16142,Misericordia,11,6,2,19
2004,429,Mississippi Col.,16,4,1,21
2004,430,Mississippi St.,9,8,3,20
2004,432,Mississippi Val.,7,12,0,19
2004,434,Missouri,12,11,1,24
2004,435,Missouri S&T,8,9,3,20
2004,669,Missouri St.,9,9,3,21
2004,398,MIT,7,7,3,17
2004,9012,Mo. Southern St.,3,13,4,20
2004,436,Mo.-St. Louis,13,6,1,20
2004,437,Molloy,7,12,0,19
2004,439,Monmouth,9,7,2,18
2004,438,Monmouth (IL),7,6,2,15
2004,205,Mont. St. Billings,6,10,1,17
2004,441,Montana,8,11,2,21
2004,442,Montclair St.,14,5,2,21
2004,1238,Montevallo,8,12,0,20
2004,443,Moravian,12,4,4,20
2004,444,Morehead St.,2,13,1,16
2004,449,Mount Holyoke,5,11,1,17
2004,1245,Mount Olive,3,15,0,18
2004,452,Mount Union,8,9,2,19
2004,20220,MSOE,4,13,0,17
2004,8567,Mt. St. Joseph,4,12,2,18
2004,1468,Mt. St. Mary (NY),1,11,0,12
2004,450,Mt. St. Mary's,6,9,2,17
2004,453,Muhlenberg,16,4,2,22
2004,454,Murray St.,6,10,3,19
2004,455,Muskingum,4,14,1,19
2004,491,N.C. Wesleyan,4,13,0,17
2004,8577,N.M. Highlands,8,10,1,19
2004,726,Navy,17,5,1,23
2004,461,Nazareth,11,5,4,20
2004,462,Neb. Wesleyan,13,6,0,19
2004,463,Nebraska,13,8,1,22
2004,1254,Neumann,7,12,1,20
2004,466,Nevada,4,14,0,18
2004,467,New England Col.,7,6,3,16
2004,469,New Hampshire,8,9,4,21
2004,470,New Haven,7,8,3,18
2004,319,New Jersey City,1,13,1,15
2004,473,New Mexico,3,12,4,19
2004,1257,Newberry,4,12,2,18
2004,482,Niagara,9,8,3,20
2004,483,Nicholls St.,4,16,0,20
2004,484,Nichols,11,5,2,18
2004,471,NJIT,1,0,0,1
2004,487,North Ala.,8,11,0,19
2004,457,North Carolina,27,0,0,27
2004,490,North Carolina St.,9,9,1,19
2004,492,North Central (IL),3,15,0,18
2004,494,North Dakota,14,3,2,19
2004,493,North Dakota St.,11,3,2,16
2004,2711,North Florida,11,8,1,20
2004,9223,North Greenville,0,1,0,1
2004,496,North Park,7,10,2,19
2004,497,North Texas,15,6,1,22
2004,500,Northeastern,11,8,0,19
2004,12810,Northeastern St.,12,7,0,19
2004,501,Northern Ariz.,7,9,3,19
2004,502,Northern Colo.,6,9,1,16
2004,503,Northern Ill.,3,15,1,19
2004,505,Northern Ky.,17,3,4,24
2004,506,Northern Mich.,10,6,2,18
2004,1266,Northern St.,10,6,3,19
2004,507,Northwest Mo. St.,3,13,4,20
2004,1274,Northwest Nazarene,4,12,1,17
2004,509,Northwestern,7,10,1,18
2004,508,Northwestern St.,9,9,2,20
2004,510,Northwood (MI),7,9,1,17
2004,513,Notre Dame,20,3,1,24
2004,8600,Notre Dame (MD),7,12,3,22
2004,24639,Nova Southeastern,8,7,3,18
2004,1277,Nyack,7,11,1,19
2004,477,NYIT,10,7,2,19
2004,479,NYU,6,11,1,18
2004,514,Oakland,15,5,1,21
2004,516,Occidental,6,11,1,18
2004,2713,Oglethorpe,6,10,2,18
2004,519,Ohio,10,10,1,21
2004,517,Ohio Northern,7,12,0,19
2004,518,Ohio St.,13,5,3,21
2004,15207,Ohio Valley,0,11,0,11
2004,520,Ohio Wesleyan,17,2,0,19
2004,522,Oklahoma,8,7,5,20
2004,521,Oklahoma St.,15,5,3,23
2004,523,Old Dominion,3,9,5,17
2004,433,Ole Miss,15,6,2,23
2004,525,Olivet,1,16,3,20
2004,464,Omaha,17,4,2,23
2004,527,Oral Roberts,12,6,2,20
2004,529,Oregon,9,11,0,20
2004,528,Oregon St.,7,11,2,20
2004,530,Oswego St.,9,12,1,22
2004,531,Otterbein,15,2,2,19
2004,1289,Ouachita Baptist,1,16,0,17
2004,23008,Ozarks (AR),4,13,1,18
2004,534,Pacific,4,12,2,18
2004,2751,Pacific (OR),11,8,1,20
2004,1297,Pacific Lutheran,9,11,0,20
2004,540,Penn,9,5,3,17
2004,539,Penn St.,19,3,3,25
2004,25719,Penn St.-Altoona,4,13,1,18
2004,538,Penn St.-Behrend,12,7,1,20
2004,541,Pepperdine,14,6,1,21
2004,542,Pfeiffer,8,8,3,19
2004,543,Philadelphia U.,11,6,4,21
2004,21830,Piedmont,10,7,2,19
2004,544,Pine Manor,2,12,1,15
2004,1315,Pitt.-Bradford,2,14,1,17
2004,11839,Pitt.-Greensburg,10,6,3,19
2004,545,Pittsburgh,5,10,2,17
2004,547,Plattsburgh St.,14,7,0,21
2004,548,Plymouth St.,10,7,1,18
2004,549,Pomona-Pitzer,1,16,1,18
2004,551,Portland,18,3,2,23
2004,550,Portland St.,7,10,1,18
2004,1318,Post,3,16,0,19
2004,553,Prairie View,7,7,1,15
2004,1320,Presbyterian,14,6,0,20
2004,554,Princeton,11,3,3,17
2004,555,Principia,15,5,0,20
2004,556,Providence,7,7,3,17
2004,557,Puget Sound,18,2,1,21
2004,559,Purdue,14,6,3,23
2004,11504,Queens (NC),8,9,3,20
2004,560,Queens (NY),9,7,1,17
2004,561,Quincy,8,7,3,18
2004,562,Quinnipiac,5,10,2,17
2004,563,Radford,8,8,3,19
2004,564,Ramapo,7,10,2,19
2004,566,Randolph,8,9,0,17
2004,565,Randolph-Macon,9,8,1,18
2004,567,Redlands,11,6,2,19
2004,568,Regis (CO),16,6,0,22
2004,569,Regis (MA),2,15,0,17
2004,570,Rensselaer,8,6,0,14
2004,572,Rhode Island,8,9,2,19
2004,571,Rhode Island Col.,7,12,1,20
2004,573,Rhodes,11,6,0,17
2004,574,Rice,11,8,1,20
2004,575,Richmond,11,9,2,22
2004,576,Rider,11,7,2,20
2004,577,Ripon,6,8,2,16
2004,18422,Rivier,4,16,0,20
2004,578,Roanoke,1,0,0,1
2004,579,Robert Morris,2,16,1,19
2004,581,Rochester (NY),11,8,2,21
2004,580,Rochester Inst.,7,7,0,14
2004,1328,Rockhurst,12,5,1,18
2004,583,Roger Williams,5,12,2,19
2004,584,Rollins,13,6,0,19
2004,585,Rose-Hulman,13,4,2,19
2004,259,Rowan,14,5,1,20
2004,587,Rutgers,10,7,5,22
2004,588,Rutgers-Camden,13,4,3,20
2004,589,Rutgers-Newark,8,10,0,18
2004,11276,S.C. Aiken,3,12,0,15
2004,102,Sacramento St.,6,9,3,18
2004,590,Sacred Heart,10,5,4,19
2004,591,Saginaw Valley,5,10,1,16
2004,595,Saint Benedict,15,2,3,20
2004,600,Saint Francis (PA),5,10,3,18
2004,606,Saint Joseph's,9,8,1,18
2004,608,Saint Leo,12,6,2,20
2004,609,Saint Louis,14,5,3,22
2004,612,Saint Mary's (MN),3,14,1,18
2004,613,Saint Michael's,9,9,0,18
2004,617,Saint Peter's,2,17,1,20
2004,1347,Saint Rose,14,5,2,21
2004,19117,Salem Int'l,6,9,2,17
2004,622,Salisbury,9,8,2,19
2004,623,Salve Regina,10,10,2,22
2004,624,Sam Houston St.,4,16,0,20
2004,625,Samford,12,4,5,21
2004,627,San Diego,9,8,4,21
2004,626,San Diego St.,7,10,2,19
2004,628,San Fran. St.,12,8,0,20
2004,629,San Francisco,5,14,0,19
2004,630,San Jose St.,2,16,0,18
2004,631,Santa Clara,14,4,6,24
2004,1355,Schreiner,5,12,0,17
2004,633,Scranton,22,1,1,24
2004,1356,Seattle,14,5,1,20
2004,634,Seattle Pacific,17,2,2,21
2004,635,Seton Hall,5,12,1,18
2004,652,Sewanee,11,6,1,18
2004,637,Shenandoah,7,7,1,15
2004,10870,Shepherd,9,10,0,19
2004,638,Shippensburg,9,8,2,19
2004,639,Siena,9,7,1,17
2004,641,Simpson,11,8,0,19
2004,660,SIUE,10,7,0,17
2004,642,Skidmore,6,7,1,14
2004,643,Slippery Rock,15,3,2,20
2004,644,Smith,13,6,3,22
2004,663,SMU,17,3,2,22
2004,645,Sonoma St.,9,9,2,20
2004,646,South Ala.,6,12,3,21
2004,648,South Carolina,10,8,3,21
2004,647,South Carolina St.,5,9,0,14
2004,650,South Dakota,8,10,0,18
2004,649,South Dakota St.,8,5,6,19
2004,651,South Fla.,8,8,2,18
2004,2753,Southampton,16,5,1,22
2004,654,Southeast Mo. St.,10,5,5,20
2004,655,Southeastern La.,15,2,4,21
2004,657,Southern California,9,8,4,21
2004,658,Southern Conn. St.,12,7,1,20
2004,661,Southern Ind.,6,9,1,16
2004,662,Southern Me.,6,9,2,17
2004,664,Southern Miss.,9,7,3,19
2004,468,Southern N.H.,11,5,4,20
2004,665,Southern U.,6,7,0,13
2004,667,Southern Utah,2,17,0,19
2004,2755,Southwest Baptist,13,7,0,20
2004,8736,Southwest Minn. St.,8,12,0,20
2004,8746,Southwestern (TX),9,9,1,19
2004,8744,Southwestern Okla.,2,16,2,20
2004,673,Springfield,10,9,2,21
2004,592,St. Andrews,5,13,2,20
2004,593,St. Anselm,6,9,1,16
2004,596,St. Bonaventure,5,13,1,19
2004,597,St. Catherine,7,9,1,17
2004,598,St. Cloud St.,6,9,3,18
2004,1334,St. Edward's,14,6,0,20
2004,601,St. John Fisher,3,14,1,18
2004,603,St. John's (NY),9,9,1,19
2004,604,St. Joseph's (IN),9,11,1,21
2004,1340,St. Joseph's (L.I.),11,8,0,19
2004,605,St. Joseph's (ME),5,11,2,18
2004,607,St. Lawrence,10,5,2,17
2004,610,St. Mary's (CA),8,8,3,19
2004,611,St. Mary's (MD),6,7,2,15
2004,1346,St. Mary's (TX),7,12,0,19
2004,614,St. Norbert,12,3,2,17
2004,615,St. Olaf,8,9,1,18
2004,618,St. Scholastica,14,8,1,23
2004,620,St. Thomas (MN),11,5,3,19
2004,1348,St. Thomas Aquinas,5,12,1,18
2004,674,Stanford,10,9,2,21
2004,676,Stephen F. Austin,15,5,2,22
2004,678,Stetson,11,7,3,21
2004,679,Stevens,14,7,1,22
2004,21852,Stevenson,2,15,1,18
2004,681,Stockton,15,4,2,21
2004,683,Stony Brook,7,11,1,19
2004,958,Summit,16,6,2,24
2004,168,SUNY Cortland,8,9,2,19
2004,247,SUNY Geneseo,13,4,4,21
2004,475,SUNY New Paltz,3,13,2,18
2004,526,SUNY Oneonta,21,1,3,25
2004,9500,SUNY Poly,4,14,0,18
2004,552,SUNY Potsdam,6,12,0,18
2004,685,Susquehanna,11,8,0,19
2004,686,Swarthmore,9,9,0,18
2004,687,Sweet Briar,3,13,1,17
2004,688,Syracuse,9,8,1,18
2004,689,Tampa,16,6,0,22
2004,712,TCNJ,18,5,0,23
2004,698,TCU,9,8,2,19
2004,690,Temple,4,14,1,19
2004,694,Tennessee,17,5,2,24
2004,692,Tennessee Tech,9,11,0,20
2004,199,Tex. A&M-Commerce,16,3,3,22
2004,703,Texas,12,9,0,21
2004,697,Texas A&M,13,6,3,22
2004,1400,Texas Lutheran,12,6,1,19
2004,699,Texas Southern,2,10,0,12
2004,670,Texas St.,9,10,2,21
2004,700,Texas Tech,3,13,1,17
2004,701,Texas Woman's,3,12,2,17
2004,23121,Texas-Dallas,13,4,3,20
2004,707,Thiel,7,14,0,21
2004,1403,Tiffin,8,6,6,20
2004,709,Toledo,8,11,0,19
2004,711,Towson,6,11,0,17
2004,713,Trinity (CT),9,5,1,15
2004,715,Trinity (TX),16,1,1,18
2004,23413,Trinity Washington,5,9,2,16
2004,716,Troy,9,9,0,18
2004,499,Truman,18,2,1,21
2004,717,Tufts,9,5,1,15
2004,718,Tulane,11,7,2,20
2004,719,Tulsa,5,12,1,18
2004,12830,Tusculum,15,5,1,21
2004,1255,U New England,3,12,1,16
2004,9,UAB,13,5,1,19
2004,32,UALR,6,13,1,20
2004,108,UC Davis,9,9,1,19
2004,109,UC Irvine,10,5,5,20
2004,111,UC Riverside,11,7,3,21
2004,112,UC San Diego,18,3,1,22
2004,104,UC Santa Barbara,11,6,4,21
2004,128,UCF,16,5,1,22
2004,110,UCLA,20,2,3,25
2004,164,UConn,15,6,3,24
2004,309,UIndy,11,5,3,19
2004,368,UMass Lowell,4,10,1,15
2004,391,UMBC,7,8,1,16
2004,456,UNC Asheville,11,6,3,20
2004,537,UNC Pembroke,13,5,0,18
2004,459,UNCG,15,7,2,24
2004,460,UNCW,9,8,2,19
2004,504,UNI,10,8,1,19
2004,506105,Union (KY),0,1,0,1
2004,727,Union (NY),19,2,1,22
2004,465,UNLV,9,9,3,21
2004,728,Upper Iowa,0,16,1,17
2004,730,Ursinus,10,6,3,19
2004,10411,USC Upstate,13,6,1,20
2004,695,UT Martin,9,7,3,19
2004,732,Utah,16,2,2,20
2004,731,Utah St.,10,7,2,19
2004,30024,Utah Valley,1,5,1,7
2004,704,UTEP,11,8,0,19
2004,733,Utica,8,5,1,14
2004,745,Va. Wesleyan,20,2,3,25
2004,735,Valparaiso,3,11,3,17
2004,736,Vanderbilt,8,7,3,18
2004,737,Vassar,3,13,0,16
2004,740,VCU,10,6,4,20
2004,738,Vermont,5,9,4,18
2004,739,Villanova,15,5,5,25
2004,746,Virginia,12,5,4,21
2004,742,Virginia Tech,9,9,0,18
2004,741,VMI,4,12,0,16
2004,748,Wagner,7,10,1,18
2004,749,Wake Forest,10,7,3,20
2004,750,Wartburg,8,11,0,19
2004,751,Wash. & Jeff.,11,9,1,21
2004,752,Wash. & Lee,15,2,3,20
2004,2814,Washburn,4,13,1,18
2004,756,Washington,11,7,3,21
2004,1029,Washington Adventist,1,13,0,14
2004,753,Washington Col.,5,11,1,17
2004,754,Washington St.,6,11,2,19
2004,755,Washington-St. Louis,14,3,3,20
2004,1433,Wayne St. (NE),7,13,1,21
2004,1434,Waynesburg,4,14,2,20
2004,758,Weber St.,6,10,3,19
2004,759,Webster,15,4,2,21
2004,760,Wellesley,8,8,2,18
2004,761,Wells,6,12,1,19
2004,762,Wentworth,14,7,0,21
2004,763,Wesley,10,5,4,19
2004,764,Wesleyan (CT),2,12,0,14
2004,14718,Wesleyan (GA),2,15,1,18
2004,765,West Chester,12,6,3,21
2004,11740,West Florida,18,4,1,23
2004,767,West Tex. A&M,15,4,2,21
2004,14901,West Va. Tech,1,8,0,9
2004,9630,West Va. Wesleyan,16,3,2,21
2004,768,West Virginia,17,4,2,23
2004,769,Western Caro.,7,11,2,20
2004,770,Western Conn. St.,13,6,4,23
2004,771,Western Ill.,2,16,1,19
2004,772,Western Ky.,11,6,2,19
2004,774,Western Mich.,14,8,1,23
2004,775,Western New Eng.,9,10,1,20
2004,1446,Western Ore.,7,10,2,19
2004,1448,Western Wash.,6,13,1,20
2004,777,Westfield St.,7,6,3,16
2004,1450,Westminster (MO),6,11,1,18
2004,1451,Westminster (PA),16,7,0,23
2004,778,Wheaton (IL),16,2,4,22
2004,779,Wheaton (MA),23,2,0,25
2004,12799,Wheeling Jesuit,11,9,1,21
2004,780,Whitman,10,9,0,19
2004,1454,Whitworth,14,5,0,19
2004,783,Widener,7,10,1,18
2004,784,Wilkes,9,9,2,20
2004,785,Willamette,16,1,2,19
2004,786,William & Mary,14,6,3,23
2004,505850,William Carey,1,1,0,2
2004,17094,William Peace,4,10,0,14
2004,789,Williams,8,4,4,16
2004,1461,Wilmington (OH),19,4,1,24
2004,12973,Wilson,0,11,0,11
2004,1462,Wingate,13,7,0,20
2004,790,Winona St.,11,10,0,21
2004,792,Winthrop,7,12,1,20
2004,8911,Wis. Lutheran,6,14,0,20
2004,793,Wis.-Eau Claire,8,11,1,20
2004,795,Wis.-La Crosse,9,6,1,16
2004,798,Wis.-Oshkosh,14,5,2,21
2004,799,Wis.-Parkside,13,3,5,21
2004,800,Wis.-Platteville,2,16,0,18
2004,801,Wis.-River Falls,17,4,0,21
2004,802,Wis.-Stevens Point,15,4,3,22
2004,803,Wis.-Stout,12,7,0,19
2004,804,Wis.-Superior,5,12,2,19
2004,805,Wis.-Whitewater,11,3,2,16
2004,796,Wisconsin,10,9,2,21
2004,806,Wittenberg,8,10,1,19
2004,787,Wm. Paterson,9,8,1,18
2004,2915,Wofford,7,9,3,19
2004,807,Wooster,13,5,3,21
2004,809,Worcester St.,7,9,1,17
2004,808,WPI,9,8,1,18
2004,810,Wright St.,8,10,1,19
2004,811,Wyoming,10,9,0,19
2004,812,Xavier,12,8,1,21
2004,813,Yale,9,7,1,17
2004,815,York (PA),10,5,4,19
2004,817,Youngstown St.,2,17,0,19
